#Fisher and Thompson 6x6 instance, alternate name (mt06)
10 65 198
2 10  6 3  0 13  7 3  1 16  8 3  3 17  9 3  5 13  10 3  4 16
11 10  1 18  12 3  2 15  13 3  4 10  14 3  5 10  15 3  0 10  16 3  3 14
17 5  2 15  18 3  3 14  19 3  5 18  20 3  0 19  21 3  1 11  22 3  4 17
23 10  1 15  24 3  0 15  25 3  2 15  26 3  3 13  27 3  4 18  28 3  5 19
29 15  2 15  30 3  1 13  31 3  4 15  32 3  5 14  33 3  0 13  34 3  3 11
35 25 1 13  36 3  3 13  37 3  5 19  38 3  0 10  39 3  4 14  40 3  2 11
41 20 1 18  42 3  4 10  43 3  0 10  44 3  3 14  45 3  2 15  46 3  5 10
47 15 3 13  48 3  2 11  49 3  5 19  50 3  0 10  51 3  4 14  52 3  1 13
53 25 2 10  54 3  4 16  55 3  1 16  56 3  3 17  57 3  0 13  58 3  5 13
59 30 2 15  60 3  5 14  61 3  1 13  62 3  3 11  63 3  4 15  64 3  0 13